Parameters: {Kernel: linear , c: 100} 

Confusion matrix:
 [[ 954    0    4    1    1   10    6    2    2    0]
 [   0 1121    6    2    0    1    1    1    3    0]
 [   9   12  951   11    9    5    6    9   15    5]
 [   5    2   20  937    0   18    3    7   13    5]
 [   2    1   19    1  929    1    4    5    3   17]
 [  14    6    4   40    7  783   14    1   19    4]
 [  11    2   15    1    9   27  890    0    3    0]
 [   2    7   22   21   12    1    0  939    4   20]
 [   8    7   13   30    8   24   10    5  856   13]
 [   4    5    4   16   48    4    1   18   11  898]]
Accuracy: 0.9258