Parameters: {Kernel: linear , c: 1} 

Confusion matrix:
 [[ 957    0    4    1    1    6    9    1    0    1]
 [   0 1122    3    2    0    1    2    1    4    0]
 [   8    6  967   11    3    3    7    8   17    2]
 [   4    3   16  947    1   16    0    9   12    2]
 [   1    1   10    1  942    2    4    2    3   16]
 [  10    4    3   36    6  803   13    1   14    2]
 [   9    2   13    1    5   16  910    1    1    0]
 [   1    8   21   10    8    1    0  957    3   19]
 [   8    4    6   25    7   26    6    7  877    8]
 [   7    7    2   11   33    4    0   18    5  922]]
Accuracy: 0.9404