Parameters: {Kernel: linear , c: 0.0001} 

Confusion matrix:
 [[ 951    0    1    1    0   13    9    2    3    0]
 [   0 1119    2    2    0    3    4    0    5    0]
 [  13   17  881   18   21    3   21   17   34    7]
 [   4    6   18  890    0   39    5   16   25    7]
 [   1    5    5    0  882    1   11    2    3   72]
 [   8   15    5   41   13  773   18    5    9    5]
 [  11    5    9    1    8   21  902    0    1    0]
 [   2   32   23    0   13    1    0  913    7   37]
 [   8   22    9   29   12   43   16    8  804   23]
 [  13   10    4   11   43    9    1   20    6  892]]
Accuracy: 0.9007