Parameters: {Kernel: rbf , c: 10000} 

Confusion matrix:
 [[ 972    0    2    0    0    2    1    1    2    0]
 [   0 1129    3    0    0    1    0    1    1    0]
 [   5    1 1013    0    1    0    1    7    4    0]
 [   0    0    2  992    0    3    0    3    6    4]
 [   0    0    4    0  966    0    2    0    0   10]
 [   3    0    0    8    1  872    3    0    3    2]
 [   5    2    0    0    2    4  943    0    2    0]
 [   0    7    9    2    2    0    0 1002    0    6]
 [   4    0    2    3    3    2    2    2  952    4]
 [   2    5    0    4    9    4    0    4    2  979]]
Accuracy: 0.982