Parameters: {Kernel: rbf , c: 10} 

Confusion matrix:
 [[ 973    0    2    0    0    2    0    1    2    0]
 [   0 1129    2    1    0    1    0    1    1    0]
 [   5    1 1013    0    1    0    1    6    4    1]
 [   0    0    2  993    0    2    0    5    5    3]
 [   0    0    4    0  967    0    2    0    0    9]
 [   3    0    0    6    1  874    3    0    3    2]
 [   5    2    0    0    2    4  944    0    1    0]
 [   0    5    9    2    2    0    0 1004    0    6]
 [   3    0    2    3    3    2    3    2  952    4]
 [   2    2    0    5   10    3    0    5    1  981]]
Accuracy: 0.983