Parameters: {Kernel: rbf , c: 0.01} 

Confusion matrix:
 [[ 952    0    1    1    0   12    9    1    4    0]
 [   0 1118    2    2    0    3    4    0    6    0]
 [  10    7  905   14   21    4   20   17   30    4]
 [   4    5   19  906    0   28    6   13   22    7]
 [   1    5    3    0  893    1   12    1    2   64]
 [   7    9    6   40   10  785   18    3    9    5]
 [  10    5    6    1    8   18  909    0    1    0]
 [   1   30   24    0   13    0    0  919    6   35]
 [   6   11    8   29   10   37   15    6  829   23]
 [  11    9    5    9   38    8    1   15    7  906]]
Accuracy: 0.9122