Parameters: {Kernel: linear , c: 10} 

Confusion matrix:
 [[ 953    0    4    1    2   10    6    1    2    1]
 [   0 1118    5    3    0    1    1    1    5    1]
 [   6   12  953   11    7    4   10    9   16    4]
 [   4    1   16  950    1   13    3    6   14    2]
 [   1    1   14    0  932    2    6    1    3   22]
 [  15    5    7   39    5  783   12    2   20    4]
 [  11    2   14    0    7   22  899    0    3    0]
 [   1    6   21   19   13    2    0  944    4   18]
 [   8    6    9   32    9   23    9    6  863    9]
 [   5    5    4   13   34    6    1   15   11  915]]
Accuracy: 0.931