Parameters: {Kernel: linear , c: 1000} 

Confusion matrix:
 [[ 953    0    4    1    1   10    6    2    2    1]
 [   0 1118    6    2    0    1    1    1    6    0]
 [   9   13  950   11    9    5    6    9   16    4]
 [   5    2   20  937    0   15    3    6   16    6]
 [   2    2   18    1  932    1    4    4    2   16]
 [  14    6    5   45    6  777   13    1   22    3]
 [  11    2   15    1    9   27  890    0    3    0]
 [   2    8   22   22   13    1    0  936    4   20]
 [   7    9   16   27    8   24   10    6  856   11]
 [   5    5    6   15   48    4    1   20   12  893]]
Accuracy: 0.9242