Parameters: {Kernel: linear , c: 0.1} 

Confusion matrix:
 [[ 967    0    2    1    1    6    1    1    1    0]
 [   0 1124    2    2    0    1    2    1    3    0]
 [   9    2  974   10    5    2    8    8   14    0]
 [   2    0   14  953    0   16    0   11   13    1]
 [   1    1    6    0  942    0    6    2    2   22]
 [   8    3    1   34    5  807   12    1   19    2]
 [   6    2    8    1    4   15  921    1    0    0]
 [   2    5   23    8    8    0    0  968    0   14]
 [   4    5    5   24    6   27    6    6  888    3]
 [   6    6    2   11   31    2    1   15    7  928]]
Accuracy: 0.9472