Parameters: {Kernel: rbf , c: 0.1} 

Confusion matrix:
 [[ 968    0    2    0    0    4    4    1    1    0]
 [   0 1121    2    2    0    1    4    1    4    0]
 [   8    0  969    8   10    0   10   11   16    0]
 [   1    0   12  955    0   14    1   12   12    3]
 [   1    2    3    0  938    0    8    2    2   26]
 [   7    1    4   21    6  832   10    1    7    3]
 [  10    3    2    0    6    6  928    0    3    0]
 [   1   12   21    2    7    0    0  955    4   26]
 [   4    1    6   12    7   20   10    5  905    4]
 [   7    7    1   10   27    6    1    9    8  933]]
Accuracy: 0.9504