Parameters: {Kernel: rbf , c: 1} 

Confusion matrix:
 [[ 972    0    2    0    0    2    1    1    2    0]
 [   0 1126    3    1    0    1    1    1    2    0]
 [   5    1 1001    4    1    0    2    9    8    1]
 [   0    0    4  984    0    4    0    9    8    1]
 [   1    0    5    0  958    0    3    0    2   13]
 [   4    0    0   11    1  863    5    1    5    2]
 [   7    2    1    0    2    4  939    0    3    0]
 [   0    9   15    2    2    0    0  988    1   11]
 [   3    0    3    7    5    5    3    4  942    2]
 [   3    5    1    8   17    1    1    8    5  960]]
Accuracy: 0.9733