Parameters: {Kernel: linear , c: 0.01} 

Confusion matrix:
 [[ 970    0    1    1    0    5    2    1    0    0]
 [   0 1121    3    2    0    1    3    1    4    0]
 [   8    1  963   11   11    2   10    9   14    3]
 [   0    0   19  948    1   17    0   10   12    3]
 [   1    1    6    0  941    0    6    2    2   23]
 [   8    4    3   38    6  802   10    1   16    4]
 [  10    2    6    1    5    9  924    0    1    0]
 [   2   11   24    4    8    0    0  962    2   15]
 [   5    5    8   22    9   26    9    3  886    1]
 [   7    7    1   12   28    5    1   16    6  926]]
Accuracy: 0.9443