Parameters: {Kernel: rbf , c: 0.001} 

Confusion matrix:
 [[ 891    3   15   45    0    0   14    9    0    3]
 [   0 1126    2    5    0    0    2    0    0    0]
 [  15  153  684  139    2    0    4   33    0    2]
 [   2   50   11  914    0    0    3   30    0    0]
 [   1   58   44    3  474    0   23  345    0   34]
 [  20  147   28  493    1    0   10  154    0   39]
 [  27   60  176    7    1    0  677   10    0    0]
 [   1   82   16    3    1    0    1  922    0    2]
 [  16  162   61  442    1    0    2  120  144   26]
 [  14   53   16   24   21    0    0  861    0   20]]
Accuracy: 0.5852