Parameters: {Kernel: linear , c: 0.001} 

Confusion matrix:
 [[ 965    0    0    0    1    6    5    1    2    0]
 [   0 1117    3    2    0    2    4    0    7    0]
 [  10    1  936    7   16    1   22   11   25    3]
 [   3    3   15  931    1   23    1   12   16    5]
 [   1    2    7    0  925    0    9    2    3   33]
 [   7    6    5   37    8  795   15    3   11    5]
 [  10    3    5    1    6   13  919    0    1    0]
 [   3   17   20    5    9    1    0  943    4   26]
 [   5    8    9   17    8   29   13    8  868    9]
 [  10    7    2   13   43    7    1   16    7  903]]
Accuracy: 0.9302