Parameters: {Kernel: linear , c: 0.001} 

Confusion matrix:
 [[561  13  15 292  11   1  66   2  16   3]
 [  2 851  43  10 206   4  10   1   8   0]
 [ 97 180 468  42  70   4  68   4  99   0]
 [254   4   7 607  56   1  18  11  13  39]
 [  5 262  12  83 498   3  21  40  12  46]
 [216  70  17 373  87   3  41  29  21  35]
 [ 69 131  50  79 103   0 502   0  24   0]
 [ 15 199  13  10  76   0  11 579   1 124]
 [ 69 178  33 200  86   9  22  41 309  27]
 [  8  91   6  45 166   0   9 346   9 329]]
Accuracy: 0.4707