Parameters: {Kernel: rbf , c: 10} 

Confusion matrix:
 [[ 727    4   22  108    3   14   80    0   22    0]
 [   0 1065   25    2   16    2    9    5   10    1]
 [  46   61  632   31   35   35   74    5  113    0]
 [ 205    3   13  641   32   39   29    6   19   23]
 [   0  114   22    4  615    4   31   54    8  130]
 [ 172   35   20  372   37  107   62   12   55   20]
 [  64   29   57   21   44   14  696    0   33    0]
 [   1   52    4    5   45    0    4  752    9  156]
 [  68   54   34   69   48   21   58   23  583   16]
 [   1   17    9   31   69    4    5  276    9  588]]
Accuracy: 0.6406