Parameters: {Kernel: rbf , c: 0.01} 

Confusion matrix:
 [[  25  105    0  848    0    0    0    2    0    0]
 [   2 1093    0   20   12    0    0    0    0    8]
 [  18  841    1  171    0    0    0    1    0    0]
 [   8   46    0  922    0    0    0   34    0    0]
 [  10  567    0  321    6    0    0   66    0   12]
 [  29  194    0  627    0    0    0   41    0    1]
 [  13  766    0  179    0    0    0    0    0    0]
 [   2  374    0  120    0    0    0  530    0    2]
 [  14  558    0  362    0    0    0   40    0    0]
 [   3  266    0  302    2    0    0  431    0    5]]
Accuracy: 0.2582