Parameters: {Kernel: linear , c: 0.1} 

Confusion matrix:
 [[ 710    4   25  112    7   18   81    1   22    0]
 [   2 1009   38    2   42    4   13    4   19    2]
 [  53   75  606   29   39   33   77    4  116    0]
 [ 214    2   17  609   37   37   30    7   17   40]
 [   1  126   22    3  599    4   35   47   12  133]
 [ 182   36   29  354   37   98   62   14   50   30]
 [  69   36   62   22   60   11  670    0   28    0]
 [   1   68    2    5   44    0    5  734   13  156]
 [  71   65   41   77   51   26   58   28  531   26]
 [   1   18   10   33   79    4    5  267    8  584]]
Accuracy: 0.615