Parameters: {Kernel: linear , c: 10} 

Confusion matrix:
 [[ 711    4   33  102    5   27   74    1   23    0]
 [   2 1040   36    2   27    5    7    2   14    0]
 [  51   67  626   23   34   39   71    6  114    1]
 [ 206    4   18  622   23   56   26    9   21   25]
 [   0   73   20    3  636    6   38   50   15  141]
 [ 171   32   25  367   30  121   66   10   49   21]
 [  69   22   63   17   52   14  698    0   23    0]
 [   1   39    4    6   53    3    6  769   18  129]
 [  72   48   43   73   52   23   53   34  561   15]
 [   1   13   12   31   73    4    5  250    9  611]]
Accuracy: 0.6395