Parameters: {Kernel: rbf , c: 0.1} 

Confusion matrix:
 [[606   8  17 242  12   2  69   2  19   3]
 [  0 850  44   9 203   8  10   1  10   0]
 [ 96 155 490  37  66   9  67   4 108   0]
 [280   4   7 578  56   2  17  12  14  40]
 [  3 247  13  56 515   3  25  40  12  68]
 [234  60  22 349  85   9  39  28  29  37]
 [ 72 117  55  68  94   1 524   0  27   0]
 [ 14 185  13   8  77   0  10 602   1 118]
 [ 73 150  35 176  81  13  27  38 349  32]
 [  6  81   5  39 149   1   8 336  10 374]]
Accuracy: 0.4897