Parameters: {Kernel: linear , c: 1000} 

Confusion matrix:
 [[ 717    4   32   98    5   27   72    0   24    1]
 [   2 1043   32    1   32    5    3    2   15    0]
 [  50   66  629   21   34   40   75    5  110    2]
 [ 202    5   20  622   22   59   27    9   19   25]
 [   1   66   25    4  643    4   38   49   14  138]
 [ 167   32   23  372   29  123   65   10   50   21]
 [  68   20   61   16   53   15  708    0   17    0]
 [   1   37    5    7   55    3    6  767   17  130]
 [  74   46   42   72   54   22   52   34  563   15]
 [   1   13   10   33   76    4    4  248    9  611]]
Accuracy: 0.6426