Parameters: {Kernel: linear , c: 100} 

Confusion matrix:
 [[ 717    4   32   97    5   27   73    1   24    0]
 [   2 1044   34    1   28    5    4    2   15    0]
 [  50   66  628   21   35   40   74    6  111    1]
 [ 202    4   20  625   21   57   27    9   20   25]
 [   1   71   22    4  639    4   40   49   14  138]
 [ 172   32   23  369   29  122   65   10   49   21]
 [  68   22   61   17   51   15  707    0   17    0]
 [   1   40    4    7   53    3    6  767   18  129]
 [  73   47   42   74   53   22   51   34  563   15]
 [   1   13   13   32   70    4    4  249    8  615]]
Accuracy: 0.6427