Parameters: {Kernel: rbf , c: 1000} 

Confusion matrix:
 [[ 821    1   16   50    2   26   44    1   19    0]
 [   0 1083   15    3    9    1    7    8    9    0]
 [  31   23  745   26   32   26   66    5   76    2]
 [ 104    3    9  745   15   56   29    4   33   12]
 [   2   61   18    2  674    2   19   57    8  139]
 [  95   18   16  413   18  208   54    3   59    8]
 [  63   13   37   11   22   18  768    0   26    0]
 [   0   29    2    7   60    0    3  800    5  122]
 [  47   30   32   50   22   19   47   17  706    4]
 [   5    9    8   27   60    9    3  223    4  661]]
Accuracy: 0.7211