Parameters: {Kernel: linear , c: 0.01} 

Confusion matrix:
 [[663   6  18 166   7  16  84   2  16   2]
 [  0 910  44   3 129   6  15   3  23   2]
 [ 77  99 557  25  41  28  77   6 122   0]
 [277   5   9 555  49  14  26  11  20  44]
 [  3 183  17   2 577   3  30  29  12 126]
 [249  43  32 313  59  48  41  24  44  39]
 [ 72  76  63  26  58   7 626   0  30   0]
 [  6 112   9   7  61   1   7 674   6 145]
 [ 70  92  43 107  61  29  45  33 456  38]
 [  3  32  10  26 115   2   7 290   7 517]]
Accuracy: 0.5583