Parameters: {Kernel: linear , c: 0.0001} 

Confusion matrix:
 [[  35  188    0  754    0    0    0    3    0    0]
 [   0 1133    0    2    0    0    0    0    0    0]
 [   8  934    0   90    0    0    0    0    0    0]
 [   8  146    0  833    0    0    0   23    0    0]
 [   0  743    0  222    0    0    0   17    0    0]
 [  15  308    0  535    0    0    0   34    0    0]
 [   4  860    0   94    0    0    0    0    0    0]
 [   0  565    0  101    0    0    0  362    0    0]
 [   8  718    0  240    0    0    0    8    0    0]
 [   1  538    0  264    0    0    0  206    0    0]]
Accuracy: 0.2363