Parameters: {Kernel: linear , c: 1} 

Confusion matrix:
 [[ 711    4   30  106    4   24   78    0   22    1]
 [   3 1038   37    2   26    4    7    5   13    0]
 [  55   69  615   27   34   37   73    5  117    0]
 [ 206    5   18  625   28   48   27    9   18   26]
 [   0   86   16    4  629    5   36   51   18  137]
 [ 170   31   28  362   31  115   67   10   52   26]
 [  72   26   61   18   53   14  688    0   26    0]
 [   1   50    3    7   46    2    5  758   14  142]
 [  73   49   39   75   50   23   64   29  555   17]
 [   1   15   13   30   71    4    4  257   10  604]]
Accuracy: 0.6338