Parameters: {Kernel: rbf , c: 1} 

Confusion matrix:
 [[675   5  20 155   8  15  82   1  17   2]
 [  0 956  39   4  87   3  15   3  26   2]
 [ 69  85 573  24  40  27  83   7 124   0]
 [270   4  11 566  49  15  24   8  19  44]
 [  3 171  20   1 585   3  31  30  10 128]
 [237  45  28 318  50  63  45  19  48  39]
 [ 68  63  62  22  55  11 647   0  30   0]
 [  5 100   7   7  62   0   7 683   7 150]
 [ 67  82  38  99  60  28  49  30 483  38]
 [  2  27   9  27 108   2   7 284   7 536]]
Accuracy: 0.5767