Parameters: {Kernel: rbf , c: 100} 

Confusion matrix:
 [[ 775    2   19   79    2   18   65    0   19    1]
 [   0 1084   17    1    9    1   10    3   10    0]
 [  38   34  700   24   35   27   70    5   97    2]
 [ 150    3   13  697   19   47   29    5   29   18]
 [   0   78   17    3  650    4   27   57    9  137]
 [ 119   24   23  418   25  144   62    9   58   10]
 [  66   19   42   15   32   19  736    0   29    0]
 [   0   39    5    4   51    1    3  786    3  136]
 [  54   42   30   58   31   28   50   21  656    4]
 [   4   12    8   32   61    4    4  249    7  628]]
Accuracy: 0.6856